1721548593136;0.36
1721548598137;0.37
1721548603138;0.36
1721548608139;0.35
1721548613140;0.37
1721548618141;0.37
1721548623143;0.39
1721548628144;0.39
1721548633145;0.38
1721548638146;0.37
1721548643148;0.39
1721548648148;0.39
1721548653149;0.38
1721548658150;0.37
1721548663152;0.40
1721548668152;0.50
1721548673154;0.51
1721548678155;0.51
1721548688158;0.50
1721548693157;0.50
1721548698156;0.48
1721548703156;0.46
1721548708156;0.44
1721548713156;0.42
1721548718157;0.40
1721548723158;0.38
1721548728158;0.37
1721548733160;0.36
1721548738160;0.34
1721548743161;0.34
1721548748162;0.33
1721548758165;0.31
1721548763166;0.30
1721548768167;0.29
1721548778169;0.29
1721548783170;0.31
1721548788171;0.32
1721548798173;0.30
1721548803175;0.47
1721548808176;0.51
1721548818178;0.54
1721548823180;0.55
1721548828182;0.52
1721548833184;0.50
1721548838184;0.59
1721548843186;0.59
1721548848187;0.56
1721548858189;0.53
1721548863190;0.51
1721548873193;0.48
1721548878195;0.46
1721548883196;0.47
1721548888196;0.46
1721548893198;0.44
1721548898199;0.42
1721548903200;0.40
1721548908201;0.41
1721548918203;0.39
1721548923205;0.37
1721548928206;0.35
1721548933207;0.35
1721548938208;0.34
1721548943209;0.37
1721548948210;0.37
1721548953211;0.37
1721548958212;0.40
1721548963213;0.40
1721548968215;0.38
1721548973216;0.40
1721548978217;0.38
1721548983218;0.36
1721548988219;0.35
1721548993220;0.36
1721548998221;0.35
1721549003222;0.36
1721549008222;0.35
1721549013224;0.38
1721549018225;0.36
1721549023226;0.35
1721549028227;0.35
1721549033228;0.36
1721549038229;0.39
1721549043230;0.38
1721549048231;0.38
1721549053232;0.38
1721549058233;0.38
1721549063234;0.38
1721549068235;0.36
1721549073235;0.35
1721549078236;0.36
1721549083237;0.35
1721549088238;0.34
1721549093239;0.32
1721549098240;0.34
1721549103241;0.44
1721549108242;0.42
1721549113242;0.41
1721549118244;0.40
1721549128246;0.67
1721549133247;0.65
1721549143249;0.57
1721549148250;0.54
1721549153252;0.54
1721549158253;0.50
1721549163255;0.48
1721549168256;0.48
1721549173256;0.48
1721549178257;0.48
1721549183259;0.47
1721549193262;0.44
1721549198263;0.46
1721549203264;0.46
1721549208266;0.46
1721549213267;0.43
1721549218268;0.41
1721549223268;0.40
1721549228270;0.41
1721549233271;0.46
1721549238272;0.47
1721549243273;0.45
1721549248274;0.43
1721549253275;0.43
1721549258275;0.44
1721549263276;0.43
1721549268277;0.41
1721549273278;0.45
1721549278279;0.44
1721549283279;0.43
1721549288281;0.43
1721549293282;0.42
1721549298283;0.40
1721549303284;0.39
1721549313286;0.37
1721549318288;0.39
1721549323289;0.38
1721549333292;0.38
1721549338293;0.38
1721549343294;0.39
1721549348295;0.39
1721549353296;0.38
1721549358297;0.37
1721549363298;0.38
1721549368299;0.38
1721549373300;0.39
1721549378300;0.39
1721549383302;0.37
1721549388302;0.38
1721549393303;0.38
1721549398304;0.37
1721549403306;0.35
1721549408306;0.35
1721549413307;0.35
1721549423309;0.34
1721549428310;0.33
1721549433311;0.33
1721549438313;0.34
1721549443313;0.34
1721549448314;0.35
1721549453316;0.33
1721549458316;0.32
1721549463318;0.32
1721549473319;0.31
1721549478320;0.30
1721549483321;0.30
1721549488323;0.29
1721549493324;0.30
1721549498325;0.29
1721549503325;0.28
1721549508327;0.29
1721549513327;0.30
1721549518328;0.30
1721549523330;0.30
1721549528331;0.29
1721549533332;0.28
1721549538333;0.27
1721549543334;0.27
1721549548335;0.26
1721549553336;0.27
1721549558336;0.27
1721549563338;0.28
1721549568339;0.28
1721549573340;0.30
1721549578341;0.29
1721549583342;0.30
1721549588343;0.31
1721549593344;0.32
1721549598346;0.32
1721549608348;0.35
1721549613349;0.36
1721549618350;0.35
1721549623352;0.37
1721549628354;0.38
1721549633354;0.38
1721549638355;0.37
1721549643356;0.37
1721549648358;0.37
1721549658382;0.80
1721549663383;0.76
1721549668384;0.72
1721549673385;0.67
1721549678386;0.64
1721549683386;0.64
1721549688387;0.63
1721549693389;0.62
1721549698390;0.63
1721549703390;0.62
1721549708391;0.62
1721549713393;0.62
1721549718393;0.61
1721549723394;0.58
1721549728395;0.55
1721549733396;0.54
1721549738397;0.53
1721549743399;0.51
1721549748400;0.49
1721549753400;0.46
1721549758401;0.45
1721549763402;0.45
1721549768404;0.43
1721549773405;0.44
1721549783406;0.42
1721549788407;0.41
1721549793409;0.41
1721549798410;0.42
1721549803411;0.43
1721549808412;0.41
1721549813413;0.39
1721549818414;0.40
1721549823415;0.38
1721549828416;0.36
1721549833417;0.38
1721549838418;0.37
1721549843419;0.38
1721549848420;0.36
1721549853421;0.35
1721549858422;0.34
1721549863423;0.33
1721549868424;0.32
1721549873425;0.32
1721549878426;0.31
1721549883427;0.30
1721549888428;0.30
1721549893429;0.29
1721549898430;0.28
1721549903431;0.29
1721549908432;0.28
1721549913433;0.30
1721549918434;0.29
1721549923436;0.32
1721549928437;0.31
1721549933438;0.30
1721549938439;0.29
1721549943441;0.28
1721549948442;0.28
1721549953442;0.28
1721549958443;0.29
1721549963445;0.31
1721549968446;0.30
1721549973447;0.39
1721549978448;0.37
1721549983449;0.36
1721549988449;0.34
1721549993451;0.33
1721549998451;0.35
1721550003452;0.35
1721550008453;0.38
1721550013455;0.37
1721550023457;0.38
1721550028459;0.36
1721550033460;0.37
1721550038461;0.37
1721550043462;0.36
1721550048463;0.34
1721550053464;0.33
1721550058464;0.32
1721550063466;0.32
1721550068467;0.31
1721550073468;0.30
1721550078469;0.32
1721550088471;0.34
1721550093472;0.35
1721550098473;0.34
1721550103474;0.33
1721550108475;0.33
1721550113476;0.33
1721550118477;0.33
1721550123478;0.34
1721550128479;0.36
1721550133480;0.35
1721550138481;0.35
1721550143482;0.35
1721550148483;0.34
1721550153484;0.35
1721550158485;0.34
1721550163487;0.33
1721550168487;0.33
1721550173488;0.34
1721550178489;0.35
1721550183491;0.34
1721550188491;0.33
1721550193492;0.32
1721550198493;0.33
1721550203494;0.32
1721550208496;0.30
1721550213496;0.29
1721550218498;0.29
1721550223498;0.30
1721550228499;0.29
1721550233501;0.28
1721550238502;0.28
1721550243502;0.28
1721550248504;0.28
1721550253502;0.29
1721550258498;0.28
1721550263495;0.29
1721550268494;0.28
1721550273493;0.27
1721550278493;0.28
1721550283492;0.28
1721550288493;0.29
1721550293493;0.28
1721550298494;0.28
1721550308495;0.26
1721550313496;0.25
1721550318498;0.25
1721550328500;0.26
1721550333502;0.26
1721550338503;0.30
1721550343504;0.31
1721550348505;0.30
1721550353506;0.29
1721550358507;0.29
1721550363508;0.29
1721550368509;0.28
1721550373510;0.33
1721550378511;0.36
1721550383512;0.34
1721550388513;0.34
1721550393514;0.36
1721550398515;0.36
1721550403514;0.36
1721550408515;0.35
1721550418517;0.34
1721550423519;0.32
1721550428520;0.33
1721550433520;0.32
1721550438521;0.32
1721550443522;0.32
1721550448523;0.32
1721550453524;0.31
1721550458525;0.31
1721550463526;0.30
1721550473529;0.29
1721550478531;0.30
1721550488532;0.32
1721550493533;0.34
1721550498535;0.34
1721550503536;0.34
1721550508537;0.36
1721550513538;0.35
1721550518540;0.40
1721550523540;0.39
1721550528542;0.40
1721550533542;0.41
1721550538543;0.40
1721550543544;0.43
1721550548545;0.42
1721550553546;0.40
1721550558547;0.39
1721550563548;0.40
1721550573550;0.38
1721550578551;0.37
1721550583552;0.36
1721550593556;0.35
1721550598557;0.33
1721550603558;0.34
1721550608560;0.48
1721550613561;0.45
1721550623564;0.42
1721550628565;0.41
1721550633566;0.39
1721550638567;0.38
1721550643568;0.37
1721550648569;0.35
1721550653570;0.34
1721550658571;0.35
1721550663572;0.35
1721550673575;0.35
1721550678577;0.34
1721550683578;0.34
1721550688579;0.33
1721550698581;0.32
1721550703583;0.31
1721550708583;0.30
1721550713584;0.30
1721550718585;0.29
1721550723586;0.28
1721550728587;0.28
1721550733588;0.28
1721550738589;0.29
1721550743590;0.30
1721550748591;0.29
1721550753592;0.28
1721550758593;0.28
1721550763594;0.29
1721550768595;0.28
1721550773596;0.27
1721550778597;0.27
1721550783597;0.28
1721550793600;0.31
1721550798602;0.31
1721550803603;0.30
1721550808604;0.29
1721550813605;0.28
1721550818606;0.27
1721550823608;0.28
1721550828609;0.27
1721550833610;0.26
1721550838612;0.26
1721550843613;0.27
1721550848613;0.27
1721550853615;0.27
1721550858616;0.28
1721550868620;0.26
1721550873622;0.26
1721550878622;0.26
1721550883624;0.26
1721550888625;0.25
1721550893625;0.26
1721550898627;0.26
1721550903628;0.27
1721550908629;0.26
1721550913629;0.26
1721550918630;0.26
1721550923631;0.25
1721550928632;0.25
1721550933634;0.26
1721550938634;0.26
1721550943635;0.25
1721550948636;0.25
1721550953637;0.25
1721550963641;0.26
1721550968644;0.27
1721550973644;0.26
1721550978645;0.28
1721550988648;0.28
1721550993649;0.28
1721550998650;0.28
1721551003651;0.28
1721551008653;0.30
1721551013654;0.29
1721551018656;0.31
1721551023657;0.34
1721551028658;0.32
1721551033658;0.30
1721551038659;0.29
1721551043660;0.30
1721551048661;0.29
1721551053662;0.29
1721551058663;0.30
1721551063664;0.30
1721551068665;0.30
1721551073666;0.29
1721551078667;0.28
1721551083668;0.27
1721551088669;0.28
1721551098671;0.28
1721551103673;0.28
1721551108674;0.28
1721551113675;0.28
1721551118677;0.33
1721551123678;0.34
1721551128679;0.34
1721551138681;0.37
1721551143682;0.38
1721551148683;0.37
1721551153684;0.37
1721551158685;0.36
1721551163686;0.35
1721551168686;0.34
1721551173687;0.33
1721551178688;0.32
1721551188691;0.30
1721551193693;0.29
1721551198694;0.34
1721551203695;0.34
1721551208696;0.33
1721551213696;0.32
1721551218698;0.31
1721551223699;0.30
1721551228699;0.30
1721551233701;0.32
1721551238702;0.32
1721551243703;0.31
1721551248704;0.31
1721551253705;0.30
1721551258707;0.31
1721551263708;0.31
1721551268708;0.30
1721551273710;0.29
1721551278711;0.28
1721551288712;0.28
1721551293714;0.28
1721551298715;0.28
1721551308717;0.29
1721551313719;0.30
1721551318720;0.32
1721551323721;0.36
1721551328722;0.36
1721551333722;0.38
1721551338722;0.40
1721551348725;0.39
1721551353726;0.38
1721551358727;0.38
1721551363729;0.41
1721551368730;0.38
1721551373731;0.37
1721551378731;0.36
1721551383732;0.35
1721551388733;0.35
1721551393734;0.34
1721551398735;0.36
1721551408738;0.35
1721551413739;0.40
1721551418740;0.41
1721551423741;0.39
1721551428742;0.37
1721551433743;0.36
1721551438743;0.43
1721551443744;0.46
1721551453746;0.42
1721551458747;0.42
1721551463748;0.41
1721551468749;0.40
1721551473750;0.40
1721551478751;0.41
1721551483752;0.43
1721551493754;0.40
1721551498755;0.38
1721551503756;0.37
1721551508757;0.36
1721551513758;0.34
1721551518759;0.37
1721551523760;0.36
1721551528761;0.36
1721551533762;0.36
1721551538762;0.34
1721551543763;0.33
1721551548764;0.32
1721551553765;0.33
1721551558766;0.33
1721551563767;0.32
1721551568768;0.31
1721551573769;0.31
1721551578770;0.31
1721551583771;0.30
1721551588772;0.31
1721551593773;0.30
1721551598774;0.29
1721551603775;0.29
1721551608776;0.30
1721551613777;0.29
1721551623779;0.28
1721551628780;0.28
1721551638782;0.26
1721551643783;0.27
1721551648784;0.28
1721551653785;0.28
1721551658785;0.27
1721551663787;0.27
1721551668787;0.26
1721551673788;0.26
1721551678789;0.25
1721551683791;0.23
1721551688792;0.23
1721551693793;0.22
1721551698794;0.23
1721551703795;0.25
1721551708796;0.25
1721551718797;0.31
1721551723799;0.31
1721551728800;0.32
1721551733801;0.34
1721551743803;0.40
1721551748805;0.39
1721551753806;0.39
1721551758807;0.38
1721551763808;0.37
1721551768808;0.36
1721551773810;0.35
1721551783836;0.38
1721551788838;0.38
1721551793839;0.38
1721551798839;0.38
1721551803840;0.40
1721551808842;0.39
1721551813843;0.40
1721551818844;0.41
1721551823845;0.40
1721551828846;0.40
1721551833847;0.44
1721551838847;0.46
1721551843848;0.98
1721551848849;0.96
1721551853851;0.91
1721551858851;0.94
1721551868851;0.86
1721551873848;0.84
1721551878845;0.81
1721551883844;0.78
1721551888843;0.75
1721551893842;0.74
1721551898841;0.70
1721551903841;0.68
1721551908842;0.68
1721551913843;0.68
1721551918843;0.70
1721551923843;0.67
1721551928844;0.62
1721551933845;0.59
1721551938846;0.56
1721551943846;0.56
1721551948847;0.54
1721551953848;0.53
1721551963850;0.54
1721551968852;0.52
1721551973853;0.52
1721551978854;0.51
1721551983855;0.51
1721551988856;0.49
1721551998858;0.45
1721552003859;0.43
1721552008859;0.45
1721552013860;0.44
1721552018862;0.43
1721552023863;0.42
1721552028863;0.41
1721552033863;0.41
1721552038864;0.59
1721552048866;0.55
1721552053867;0.56
1721552058868;0.55
1721552068870;0.51
1721552073872;0.51
1721552078872;0.52
1721552083873;0.58
1721552088874;0.56
1721552093875;0.55
1721552103878;0.56
1721552108880;0.56
1721552113880;0.55
1721552118881;0.58
1721552123882;0.58
1721552128883;0.57
1721552138885;0.55
1721552143887;0.54
1721552148888;0.53
1721552153888;0.50
1721552158889;0.50
1721552163890;0.48
1721552168890;0.46
1721552173892;0.46
1721552183895;0.44
1721552188897;0.43
1721552193897;0.43
1721552198898;0.41
1721552203899;0.41
1721552208900;0.41
1721552213901;0.39
1721552218902;0.37
1721552223904;0.39
1721552228904;0.38
1721552233905;0.38
1721552238906;0.38
1721552243907;0.39
1721552248908;0.37
1721552253909;0.37
1721552258909;0.37
1721552263911;0.37
1721552268911;0.37
1721552273911;0.36
1721552278912;0.35
1721552283913;0.34
1721552293915;0.32
1721552298917;0.32
1721552303917;0.32
1721552308918;0.31
1721552313919;0.32
1721552318920;0.32
1721552323922;0.32
1721552328922;0.32
1721552333923;0.32
1721552338924;0.32
1721552343924;0.32
1721552348925;0.33
1721552353925;0.34
1721552358926;0.34
1721552363927;0.34
1721552373931;0.33
1721552378932;0.34
1721552383933;0.35
1721552393936;0.35
1721552398938;0.36
1721552403939;0.36
1721552408939;0.37
1721552413940;0.36
1721552418942;0.37
1721552423942;0.35
1721552428943;0.35
1721552433945;0.36
1721552438946;0.35
1721552443946;0.37
1721552453949;0.35
1721552458951;0.39
1721552463953;0.44
1721552468955;0.42
1721552478959;0.40
1721552483961;0.41
1721552488963;0.40
1721552493963;0.40
1721552498965;0.42
1721552508969;0.41
1721552513971;0.40
1721552518972;0.40
1721552523975;0.39
1721552528977;0.38
1721552533979;0.40
1721552538981;0.39
1721552543982;0.38
1721552548985;0.39
1721552558990;0.38
1721552563992;0.37
1721552568995;0.36
1721552573996;0.35
1721552578998;0.34
1721552584000;0.33
1721552594004;0.35
1721552599006;0.35
1721552609010;0.34
1721552614012;0.32
1721552619014;0.31
1721552624016;0.34
1721552634020;0.39
1721552639022;0.38
1721552644024;0.38
1721552649026;0.38
1721552654027;0.37
1721552664032;0.36
1721552669034;0.36
1721552679040;0.38
1721552684043;0.38
1721552689045;0.37
1721552694048;0.38
1721552699049;0.38
1721552704051;0.41
1721552709053;0.39
1721552719056;0.40
1721552724059;0.41
1721552729061;0.41
1721552739065;0.40
1721552744068;0.40
1721552754073;0.39
1721552759076;0.37
1721552769088;0.36
1721553169379;0.36
1721553174386;0.36
1721553179391;0.39
1721553241767;0.48
1721553246770;0.56
1721553251771;0.55
1721553256772;0.53
1721553261774;0.53
1721553266775;0.52
1721553271776;0.51
1721553281779;0.52
1721553286780;0.54
1721553291781;0.54
1721553296782;0.56
